0.8132616281509399
0.7132615447044373
0.9132615923881531
0.7132615447044373
1.0132616758346558
0.7132615447044373
0.6132615804672241
0.9132615923881531
0.9132615923881531
0.9132617115974426
0.7132615447044373
0.7132615447044373
0.8132616281509399
0.8132616281509399
0.9132615923881531
0.6132615804672241
0.713261604309082
0.6132615804672241
1.0132616758346558
0.7132615447044373
1.9611504077911377
2.061150312423706
2.061150312423706
2.061150312423706
1.9611504077911377
2.1611504554748535
1.6611502170562744
1.9611504077911377
2.30134654045105
2.301520586013794
2.3010475635528564
2.3013927936553955
2.300868511199951
2.301191568374634
2.290442943572998
1.8614702224731445
2.068175792694092
2.260753870010376
1.865757703781128
2.060610294342041
1.8683427572250366
2.260849714279175
2.0611541271209717
1.861154556274414
2.1611971855163574
1.961342453956604
1.7611501216888428
1.9611504077911377
1.9611504077911377
1.8611503839492798
2.061150312423706
2.1611504554748535
1.9611504077911377
2.1611504554748535
1.8611503839492798
1.9611504077911377
2.061150312423706
1.7611503601074219
