0.6958284974098206
0.6938580274581909
0.6824498772621155
0.6987077593803406
0.7005459070205688
0.6945563554763794
0.7010226249694824
0.6918294429779053
0.6929543018341064
0.6902198791503906
0.6963104009628296
0.6910440921783447
0.702114462852478
0.6896131038665771
0.7009719610214233
0.696543276309967
0.700559675693512
0.6938779950141907
0.6875634789466858
0.6902174949645996
0.6933232545852661
0.6932334899902344
0.6932271718978882
0.6934902667999268
0.6941209435462952
0.9132615923881531
0.9132615923881531
0.7132615447044373
1.0132616758346558
